{
  "seeds": {
    "verbs::stumble (English, to trip and nearly fall)": {
      "condition": "verbs",
      "seed": "stumble (English, to trip and nearly fall)",
      "n_success": 10,
      "n_failures": 0,
      "mean": [
        -0.5999999999999999,
        0.7999999999999999,
        0.9000000000000001,
        -0.39999999999999997,
        -0.29999999999999993,
        0.7000000000000001
      ],
      "std": [
        1.1102230246251565e-16,
        1.1102230246251565e-16,
        1.1102230246251565e-16,
        5.551115123125783e-17,
        5.551115123125783e-17,
        1.1102230246251565e-16
      ],
      "covariance": [
        [
          1.3695501826753678e-32,
          -1.3695501826753678e-32,
          1.3695501826753678e-32,
          6.847750913376839e-33,
          6.847750913376839e-33,
          1.3695501826753678e-32
        ],
        [
          -1.3695501826753678e-32,
          1.3695501826753678e-32,
          -1.3695501826753678e-32,
          -6.847750913376839e-33,
          -6.847750913376839e-33,
          -1.3695501826753678e-32
        ],
        [
          1.3695501826753678e-32,
          -1.3695501826753678e-32,
          1.3695501826753678e-32,
          6.847750913376839e-33,
          6.847750913376839e-33,
          1.3695501826753678e-32
        ],
        [
          6.847750913376839e-33,
          -6.847750913376839e-33,
          6.847750913376839e-33,
          3.4238754566884194e-33,
          3.4238754566884194e-33,
          6.847750913376839e-33
        ],
        [
          6.847750913376839e-33,
          -6.847750913376839e-33,
          6.847750913376839e-33,
          3.4238754566884194e-33,
          3.4238754566884194e-33,
          6.847750913376839e-33
        ],
        [
          1.3695501826753678e-32,
          -1.3695501826753678e-32,
          1.3695501826753678e-32,
          6.847750913376839e-33,
          6.847750913376839e-33,
          1.3695501826753678e-32
        ]
      ],
      "samples": [
        [
          -0.6,
          0.8,
          0.9,
          -0.4,
          -0.3,
          0.7
        ],
        [
          -0.6,
          0.8,
          0.9,
          -0.4,
          -0.3,
          0.7
        ],
        [
          -0.6,
          0.8,
          0.9,
          -0.4,
          -0.3,
          0.7
        ],
        [
          -0.6,
          0.8,
          0.9,
          -0.4,
          -0.3,
          0.7
        ],
        [
          -0.6,
          0.8,
          0.9,
          -0.4,
          -0.3,
          0.7
        ],
        [
          -0.6,
          0.8,
          0.9,
          -0.4,
          -0.3,
          0.7
        ],
        [
          -0.6,
          0.8,
          0.9,
          -0.4,
          -0.3,
          0.7
        ],
        [
          -0.6,
          0.8,
          0.9,
          -0.4,
          -0.3,
          0.7
        ],
        [
          -0.6,
          0.8,
          0.9,
          -0.4,
          -0.3,
          0.7
        ],
        [
          -0.6,
          0.8,
          0.9,
          -0.4,
          -0.3,
          0.7
        ]
      ],
      "all_identical": true
    },
    "verbs::stolpern (German, to stumble)": {
      "condition": "verbs",
      "seed": "stolpern (German, to stumble)",
      "n_success": 10,
      "n_failures": 0,
      "mean": [
        -0.5999999999999999,
        0.7999999999999999,
        0.9000000000000001,
        -0.39999999999999997,
        -0.2799999999999999,
        0.7000000000000001
      ],
      "std": [
        1.1102230246251565e-16,
        1.1102230246251565e-16,
        1.1102230246251565e-16,
        5.551115123125783e-17,
        0.039999999999999994,
        1.1102230246251565e-16
      ],
      "covariance": [
        [
          1.3695501826753678e-32,
          -1.3695501826753678e-32,
          1.3695501826753678e-32,
          6.847750913376839e-33,
          9.586851278727573e-33,
          1.3695501826753678e-32
        ],
        [
          -1.3695501826753678e-32,
          1.3695501826753678e-32,
          -1.3695501826753678e-32,
          -6.847750913376839e-33,
          -9.586851278727573e-33,
          -1.3695501826753678e-32
        ],
        [
          1.3695501826753678e-32,
          -1.3695501826753678e-32,
          1.3695501826753678e-32,
          6.847750913376839e-33,
          9.586851278727573e-33,
          1.3695501826753678e-32
        ],
        [
          6.847750913376839e-33,
          -6.847750913376839e-33,
          6.847750913376839e-33,
          3.4238754566884194e-33,
          4.7934256393637864e-33,
          6.847750913376839e-33
        ],
        [
          9.586851278727573e-33,
          -9.586851278727573e-33,
          9.586851278727573e-33,
          4.7934256393637864e-33,
          0.001777777777777777,
          9.586851278727573e-33
        ],
        [
          1.3695501826753678e-32,
          -1.3695501826753678e-32,
          1.3695501826753678e-32,
          6.847750913376839e-33,
          9.586851278727573e-33,
          1.3695501826753678e-32
        ]
      ],
      "samples": [
        [
          -0.6,
          0.8,
          0.9,
          -0.4,
          -0.3,
          0.7
        ],
        [
          -0.6,
          0.8,
          0.9,
          -0.4,
          -0.3,
          0.7
        ],
        [
          -0.6,
          0.8,
          0.9,
          -0.4,
          -0.3,
          0.7
        ],
        [
          -0.6,
          0.8,
          0.9,
          -0.4,
          -0.3,
          0.7
        ],
        [
          -0.6,
          0.8,
          0.9,
          -0.4,
          -0.2,
          0.7
        ],
        [
          -0.6,
          0.8,
          0.9,
          -0.4,
          -0.3,
          0.7
        ],
        [
          -0.6,
          0.8,
          0.9,
          -0.4,
          -0.2,
          0.7
        ],
        [
          -0.6,
          0.8,
          0.9,
          -0.4,
          -0.3,
          0.7
        ],
        [
          -0.6,
          0.8,
          0.9,
          -0.4,
          -0.3,
          0.7
        ],
        [
          -0.6,
          0.8,
          0.9,
          -0.4,
          -0.3,
          0.7
        ]
      ],
      "all_identical": false
    },
    "verbs::cascade (English, to fall in a series of stages)": {
      "condition": "verbs",
      "seed": "cascade (English, to fall in a series of stages)",
      "n_success": 10,
      "n_failures": 0,
      "mean": [
        0.5999999999999999,
        -0.39999999999999997,
        0.19999999999999998,
        -0.7999999999999999,
        0.5,
        -0.29999999999999993
      ],
      "std": [
        1.1102230246251565e-16,
        5.551115123125783e-17,
        2.7755575615628914e-17,
        1.1102230246251565e-16,
        0.0,
        5.551115123125783e-17
      ],
      "covariance": [
        [
          1.3695501826753678e-32,
          -6.847750913376839e-33,
          3.4238754566884194e-33,
          -1.3695501826753678e-32,
          0.0,
          -6.847750913376839e-33
        ],
        [
          -6.847750913376839e-33,
          3.4238754566884194e-33,
          -1.7119377283442097e-33,
          6.847750913376839e-33,
          0.0,
          3.4238754566884194e-33
        ],
        [
          3.4238754566884194e-33,
          -1.7119377283442097e-33,
          8.559688641721049e-34,
          -3.4238754566884194e-33,
          0.0,
          -1.7119377283442097e-33
        ],
        [
          -1.3695501826753678e-32,
          6.847750913376839e-33,
          -3.4238754566884194e-33,
          1.3695501826753678e-32,
          0.0,
          6.847750913376839e-33
        ],
        [
          0.0,
          0.0,
          0.0,
          0.0,
          0.0,
          0.0
        ],
        [
          -6.847750913376839e-33,
          3.4238754566884194e-33,
          -1.7119377283442097e-33,
          6.847750913376839e-33,
          0.0,
          3.4238754566884194e-33
        ]
      ],
      "samples": [
        [
          0.6,
          -0.4,
          0.2,
          -0.8,
          0.5,
          -0.3
        ],
        [
          0.6,
          -0.4,
          0.2,
          -0.8,
          0.5,
          -0.3
        ],
        [
          0.6,
          -0.4,
          0.2,
          -0.8,
          0.5,
          -0.3
        ],
        [
          0.6,
          -0.4,
          0.2,
          -0.8,
          0.5,
          -0.3
        ],
        [
          0.6,
          -0.4,
          0.2,
          -0.8,
          0.5,
          -0.3
        ],
        [
          0.6,
          -0.4,
          0.2,
          -0.8,
          0.5,
          -0.3
        ],
        [
          0.6,
          -0.4,
          0.2,
          -0.8,
          0.5,
          -0.3
        ],
        [
          0.6,
          -0.4,
          0.2,
          -0.8,
          0.5,
          -0.3
        ],
        [
          0.6,
          -0.4,
          0.2,
          -0.8,
          0.5,
          -0.3
        ],
        [
          0.6,
          -0.4,
          0.2,
          -0.8,
          0.5,
          -0.3
        ]
      ],
      "all_identical": true
    },
    "verbs::lurch (English, to move with sudden unsteady movements)": {
      "condition": "verbs",
      "seed": "lurch (English, to move with sudden unsteady movements)",
      "n_success": 10,
      "n_failures": 0,
      "mean": [
        0.7999999999999999,
        -0.5999999999999999,
        -0.29000000000000004,
        0.9000000000000001,
        0.43999999999999995,
        -0.5199999999999999
      ],
      "std": [
        1.1102230246251565e-16,
        1.1102230246251565e-16,
        0.1374772708486752,
        1.1102230246251565e-16,
        0.09165151389911681,
        0.18330302779823363
      ],
      "covariance": [
        [
          1.3695501826753678e-32,
          -1.3695501826753678e-32,
          3.4238754566884194e-33,
          -1.3695501826753678e-32,
          6.162975822039155e-33,
          -1.5065052009429043e-32
        ],
        [
          -1.3695501826753678e-32,
          1.3695501826753678e-32,
          -3.4238754566884194e-33,
          1.3695501826753678e-32,
          -6.162975822039155e-33,
          1.5065052009429043e-32
        ],
        [
          3.4238754566884194e-33,
          -3.4238754566884194e-33,
          0.020999999999999994,
          -3.4238754566884194e-33,
          0.013999999999999999,
          0.028000000000000004
        ],
        [
          -1.3695501826753678e-32,
          1.3695501826753678e-32,
          -3.4238754566884194e-33,
          1.3695501826753678e-32,
          -6.162975822039155e-33,
          1.5065052009429043e-32
        ],
        [
          6.162975822039155e-33,
          -6.162975822039155e-33,
          0.013999999999999999,
          -6.162975822039155e-33,
          0.009333333333333334,
          0.018666666666666668
        ],
        [
          -1.5065052009429043e-32,
          1.5065052009429043e-32,
          0.028000000000000004,
          1.5065052009429043e-32,
          0.018666666666666668,
          0.037333333333333336
        ]
      ],
      "samples": [
        [
          0.8,
          -0.6,
          -0.2,
          0.9,
          0.5,
          -0.4
        ],
        [
          0.8,
          -0.6,
          -0.2,
          0.9,
          0.5,
          -0.4
        ],
        [
          0.8,
          -0.6,
          -0.2,
          0.9,
          0.5,
          -0.4
        ],
        [
          0.8,
          -0.6,
          -0.5,
          0.9,
          0.3,
          -0.8
        ],
        [
          0.8,
          -0.6,
          -0.2,
          0.9,
          0.5,
          -0.4
        ],
        [
          0.8,
          -0.6,
          -0.2,
          0.9,
          0.5,
          -0.4
        ],
        [
          0.8,
          -0.6,
          -0.5,
          0.9,
          0.3,
          -0.8
        ],
        [
          0.8,
          -0.6,
          -0.2,
          0.9,
          0.5,
          -0.4
        ],
        [
          0.8,
          -0.6,
          -0.2,
          0.9,
          0.5,
          -0.4
        ],
        [
          0.8,
          -0.6,
          -0.5,
          0.9,
          0.3,
          -0.8
        ]
      ],
      "all_identical": false
    },
    "verbs::sprint (English, to run at full speed)": {
      "condition": "verbs",
      "seed": "sprint (English, to run at full speed)",
      "n_success": 10,
      "n_failures": 0,
      "mean": [
        0.7999999999999999,
        -0.5999999999999999,
        0.9000000000000001,
        -0.5,
        0.7000000000000001,
        -0.39999999999999997
      ],
      "std": [
        1.1102230246251565e-16,
        1.1102230246251565e-16,
        1.1102230246251565e-16,
        0.0,
        1.1102230246251565e-16,
        5.551115123125783e-17
      ],
      "covariance": [
        [
          1.3695501826753678e-32,
          -1.3695501826753678e-32,
          -1.3695501826753678e-32,
          0.0,
          -1.3695501826753678e-32,
          -6.847750913376839e-33
        ],
        [
          -1.3695501826753678e-32,
          1.3695501826753678e-32,
          1.3695501826753678e-32,
          0.0,
          1.3695501826753678e-32,
          6.847750913376839e-33
        ],
        [
          -1.3695501826753678e-32,
          1.3695501826753678e-32,
          1.3695501826753678e-32,
          0.0,
          1.3695501826753678e-32,
          6.847750913376839e-33
        ],
        [
          0.0,
          0.0,
          0.0,
          0.0,
          0.0,
          0.0
        ],
        [
          -1.3695501826753678e-32,
          1.3695501826753678e-32,
          1.3695501826753678e-32,
          0.0,
          1.3695501826753678e-32,
          6.847750913376839e-33
        ],
        [
          -6.847750913376839e-33,
          6.847750913376839e-33,
          6.847750913376839e-33,
          0.0,
          6.847750913376839e-33,
          3.4238754566884194e-33
        ]
      ],
      "samples": [
        [
          0.8,
          -0.6,
          0.9,
          -0.5,
          0.7,
          -0.4
        ],
        [
          0.8,
          -0.6,
          0.9,
          -0.5,
          0.7,
          -0.4
        ],
        [
          0.8,
          -0.6,
          0.9,
          -0.5,
          0.7,
          -0.4
        ],
        [
          0.8,
          -0.6,
          0.9,
          -0.5,
          0.7,
          -0.4
        ],
        [
          0.8,
          -0.6,
          0.9,
          -0.5,
          0.7,
          -0.4
        ],
        [
          0.8,
          -0.6,
          0.9,
          -0.5,
          0.7,
          -0.4
        ],
        [
          0.8,
          -0.6,
          0.9,
          -0.5,
          0.7,
          -0.4
        ],
        [
          0.8,
          -0.6,
          0.9,
          -0.5,
          0.7,
          -0.4
        ],
        [
          0.8,
          -0.6,
          0.9,
          -0.5,
          0.7,
          -0.4
        ],
        [
          0.8,
          -0.6,
          0.9,
          -0.5,
          0.7,
          -0.4
        ]
      ],
      "all_identical": true
    },
    "verbs::tiptoe (English, to walk quietly on the toes)": {
      "condition": "verbs",
      "seed": "tiptoe (English, to walk quietly on the toes)",
      "n_success": 10,
      "n_failures": 0,
      "mean": [
        0.5999999999999999,
        -0.39999999999999997,
        0.19999999999999998,
        -0.7999999999999999,
        0.5,
        -0.29999999999999993
      ],
      "std": [
        1.1102230246251565e-16,
        5.551115123125783e-17,
        2.7755575615628914e-17,
        1.1102230246251565e-16,
        0.0,
        5.551115123125783e-17
      ],
      "covariance": [
        [
          1.3695501826753678e-32,
          -6.847750913376839e-33,
          3.4238754566884194e-33,
          -1.3695501826753678e-32,
          0.0,
          -6.847750913376839e-33
        ],
        [
          -6.847750913376839e-33,
          3.4238754566884194e-33,
          -1.7119377283442097e-33,
          6.847750913376839e-33,
          0.0,
          3.4238754566884194e-33
        ],
        [
          3.4238754566884194e-33,
          -1.7119377283442097e-33,
          8.559688641721049e-34,
          -3.4238754566884194e-33,
          0.0,
          -1.7119377283442097e-33
        ],
        [
          -1.3695501826753678e-32,
          6.847750913376839e-33,
          -3.4238754566884194e-33,
          1.3695501826753678e-32,
          0.0,
          6.847750913376839e-33
        ],
        [
          0.0,
          0.0,
          0.0,
          0.0,
          0.0,
          0.0
        ],
        [
          -6.847750913376839e-33,
          3.4238754566884194e-33,
          -1.7119377283442097e-33,
          6.847750913376839e-33,
          0.0,
          3.4238754566884194e-33
        ]
      ],
      "samples": [
        [
          0.6,
          -0.4,
          0.2,
          -0.8,
          0.5,
          -0.3
        ],
        [
          0.6,
          -0.4,
          0.2,
          -0.8,
          0.5,
          -0.3
        ],
        [
          0.6,
          -0.4,
          0.2,
          -0.8,
          0.5,
          -0.3
        ],
        [
          0.6,
          -0.4,
          0.2,
          -0.8,
          0.5,
          -0.3
        ],
        [
          0.6,
          -0.4,
          0.2,
          -0.8,
          0.5,
          -0.3
        ],
        [
          0.6,
          -0.4,
          0.2,
          -0.8,
          0.5,
          -0.3
        ],
        [
          0.6,
          -0.4,
          0.2,
          -0.8,
          0.5,
          -0.3
        ],
        [
          0.6,
          -0.4,
          0.2,
          -0.8,
          0.5,
          -0.3
        ],
        [
          0.6,
          -0.4,
          0.2,
          -0.8,
          0.5,
          -0.3
        ],
        [
          0.6,
          -0.4,
          0.2,
          -0.8,
          0.5,
          -0.3
        ]
      ],
      "all_identical": true
    },
    "verbs::crawl (English, to move on hands and knees)": {
      "condition": "verbs",
      "seed": "crawl (English, to move on hands and knees)",
      "n_success": 10,
      "n_failures": 0,
      "mean": [
        0.5999999999999999,
        -0.39999999999999997,
        0.19999999999999998,
        -0.7999999999999999,
        0.5,
        -0.29999999999999993
      ],
      "std": [
        1.1102230246251565e-16,
        5.551115123125783e-17,
        2.7755575615628914e-17,
        1.1102230246251565e-16,
        0.0,
        5.551115123125783e-17
      ],
      "covariance": [
        [
          1.3695501826753678e-32,
          -6.847750913376839e-33,
          3.4238754566884194e-33,
          -1.3695501826753678e-32,
          0.0,
          -6.847750913376839e-33
        ],
        [
          -6.847750913376839e-33,
          3.4238754566884194e-33,
          -1.7119377283442097e-33,
          6.847750913376839e-33,
          0.0,
          3.4238754566884194e-33
        ],
        [
          3.4238754566884194e-33,
          -1.7119377283442097e-33,
          8.559688641721049e-34,
          -3.4238754566884194e-33,
          0.0,
          -1.7119377283442097e-33
        ],
        [
          -1.3695501826753678e-32,
          6.847750913376839e-33,
          -3.4238754566884194e-33,
          1.3695501826753678e-32,
          0.0,
          6.847750913376839e-33
        ],
        [
          0.0,
          0.0,
          0.0,
          0.0,
          0.0,
          0.0
        ],
        [
          -6.847750913376839e-33,
          3.4238754566884194e-33,
          -1.7119377283442097e-33,
          6.847750913376839e-33,
          0.0,
          3.4238754566884194e-33
        ]
      ],
      "samples": [
        [
          0.6,
          -0.4,
          0.2,
          -0.8,
          0.5,
          -0.3
        ],
        [
          0.6,
          -0.4,
          0.2,
          -0.8,
          0.5,
          -0.3
        ],
        [
          0.6,
          -0.4,
          0.2,
          -0.8,
          0.5,
          -0.3
        ],
        [
          0.6,
          -0.4,
          0.2,
          -0.8,
          0.5,
          -0.3
        ],
        [
          0.6,
          -0.4,
          0.2,
          -0.8,
          0.5,
          -0.3
        ],
        [
          0.6,
          -0.4,
          0.2,
          -0.8,
          0.5,
          -0.3
        ],
        [
          0.6,
          -0.4,
          0.2,
          -0.8,
          0.5,
          -0.3
        ],
        [
          0.6,
          -0.4,
          0.2,
          -0.8,
          0.5,
          -0.3
        ],
        [
          0.6,
          -0.4,
          0.2,
          -0.8,
          0.5,
          -0.3
        ],
        [
          0.6,
          -0.4,
          0.2,
          -0.8,
          0.5,
          -0.3
        ]
      ],
      "all_identical": true
    },
    "verbs::leap (English, to jump a long distance)": {
      "condition": "verbs",
      "seed": "leap (English, to jump a long distance)",
      "n_success": 10,
      "n_failures": 0,
      "mean": [
        0.7999999999999999,
        -0.5999999999999999,
        0.9000000000000001,
        -0.65,
        0.7000000000000001,
        -0.45
      ],
      "std": [
        1.1102230246251565e-16,
        1.1102230246251565e-16,
        1.1102230246251565e-16,
        0.15000000000000002,
        1.1102230246251565e-16,
        0.04999999999999999
      ],
      "covariance": [
        [
          1.3695501826753678e-32,
          -1.3695501826753678e-32,
          -1.3695501826753678e-32,
          0.0,
          -1.3695501826753678e-32,
          0.0
        ],
        [
          -1.3695501826753678e-32,
          1.3695501826753678e-32,
          1.3695501826753678e-32,
          0.0,
          1.3695501826753678e-32,
          0.0
        ],
        [
          -1.3695501826753678e-32,
          1.3695501826753678e-32,
          1.3695501826753678e-32,
          0.0,
          1.3695501826753678e-32,
          0.0
        ],
        [
          0.0,
          0.0,
          0.0,
          0.025000000000000012,
          0.0,
          0.008333333333333331
        ],
        [
          -1.3695501826753678e-32,
          1.3695501826753678e-32,
          1.3695501826753678e-32,
          0.0,
          1.3695501826753678e-32,
          0.0
        ],
        [
          0.0,
          0.0,
          0.0,
          0.008333333333333331,
          0.0,
          0.002777777777777776
        ]
      ],
      "samples": [
        [
          0.8,
          -0.6,
          0.9,
          -0.8,
          0.7,
          -0.5
        ],
        [
          0.8,
          -0.6,
          0.9,
          -0.5,
          0.7,
          -0.4
        ],
        [
          0.8,
          -0.6,
          0.9,
          -0.5,
          0.7,
          -0.4
        ],
        [
          0.8,
          -0.6,
          0.9,
          -0.8,
          0.7,
          -0.5
        ],
        [
          0.8,
          -0.6,
          0.9,
          -0.5,
          0.7,
          -0.4
        ],
        [
          0.8,
          -0.6,
          0.9,
          -0.8,
          0.7,
          -0.5
        ],
        [
          0.8,
          -0.6,
          0.9,
          -0.5,
          0.7,
          -0.4
        ],
        [
          0.8,
          -0.6,
          0.9,
          -0.8,
          0.7,
          -0.5
        ],
        [
          0.8,
          -0.6,
          0.9,
          -0.5,
          0.7,
          -0.4
        ],
        [
          0.8,
          -0.6,
          0.9,
          -0.8,
          0.7,
          -0.5
        ]
      ],
      "all_identical": false
    },
    "verbs::waddle (English, to walk with short steps swaying side to side)": {
      "condition": "verbs",
      "seed": "waddle (English, to walk with short steps swaying side to side)",
      "n_success": 10,
      "n_failures": 0,
      "mean": [
        0.5999999999999999,
        -0.39999999999999997,
        -0.19999999999999998,
        0.7999999999999999,
        0.42000000000000004,
        -0.37999999999999995
      ],
      "std": [
        1.1102230246251565e-16,
        5.551115123125783e-17,
        2.7755575615628914e-17,
        1.1102230246251565e-16,
        0.09797958971132713,
        0.09797958971132713
      ],
      "covariance": [
        [
          1.3695501826753678e-32,
          -6.847750913376839e-33,
          -3.4238754566884194e-33,
          1.3695501826753678e-32,
          -5.4782007307014706e-33,
          -5.4782007307014706e-33
        ],
        [
          -6.847750913376839e-33,
          3.4238754566884194e-33,
          1.7119377283442097e-33,
          -6.847750913376839e-33,
          2.7391003653507353e-33,
          2.7391003653507353e-33
        ],
        [
          -3.4238754566884194e-33,
          1.7119377283442097e-33,
          8.559688641721049e-34,
          -3.4238754566884194e-33,
          1.3695501826753676e-33,
          1.3695501826753676e-33
        ],
        [
          1.3695501826753678e-32,
          -6.847750913376839e-33,
          -3.4238754566884194e-33,
          1.3695501826753678e-32,
          -5.4782007307014706e-33,
          -5.4782007307014706e-33
        ],
        [
          -5.4782007307014706e-33,
          2.7391003653507353e-33,
          1.3695501826753676e-33,
          -5.4782007307014706e-33,
          0.010666666666666666,
          0.010666666666666666
        ],
        [
          -5.4782007307014706e-33,
          2.7391003653507353e-33,
          1.3695501826753676e-33,
          -5.4782007307014706e-33,
          0.010666666666666666,
          0.010666666666666666
        ]
      ],
      "samples": [
        [
          0.6,
          -0.4,
          -0.2,
          0.8,
          0.5,
          -0.3
        ],
        [
          0.6,
          -0.4,
          -0.2,
          0.8,
          0.5,
          -0.3
        ],
        [
          0.6,
          -0.4,
          -0.2,
          0.8,
          0.3,
          -0.5
        ],
        [
          0.6,
          -0.4,
          -0.2,
          0.8,
          0.3,
          -0.5
        ],
        [
          0.6,
          -0.4,
          -0.2,
          0.8,
          0.3,
          -0.5
        ],
        [
          0.6,
          -0.4,
          -0.2,
          0.8,
          0.5,
          -0.3
        ],
        [
          0.6,
          -0.4,
          -0.2,
          0.8,
          0.5,
          -0.3
        ],
        [
          0.6,
          -0.4,
          -0.2,
          0.8,
          0.5,
          -0.3
        ],
        [
          0.6,
          -0.4,
          -0.2,
          0.8,
          0.5,
          -0.3
        ],
        [
          0.6,
          -0.4,
          -0.2,
          0.8,
          0.3,
          -0.5
        ]
      ],
      "all_identical": false
    },
    "verbs::zou (Mandarin, to walk)": {
      "condition": "verbs",
      "seed": "zou (Mandarin, to walk)",
      "n_success": 10,
      "n_failures": 0,
      "mean": [
        0.5999999999999999,
        -0.39999999999999997,
        0.19999999999999998,
        -0.7999999999999999,
        0.5,
        -0.29999999999999993
      ],
      "std": [
        1.1102230246251565e-16,
        5.551115123125783e-17,
        2.7755575615628914e-17,
        1.1102230246251565e-16,
        0.0,
        5.551115123125783e-17
      ],
      "covariance": [
        [
          1.3695501826753678e-32,
          -6.847750913376839e-33,
          3.4238754566884194e-33,
          -1.3695501826753678e-32,
          0.0,
          -6.847750913376839e-33
        ],
        [
          -6.847750913376839e-33,
          3.4238754566884194e-33,
          -1.7119377283442097e-33,
          6.847750913376839e-33,
          0.0,
          3.4238754566884194e-33
        ],
        [
          3.4238754566884194e-33,
          -1.7119377283442097e-33,
          8.559688641721049e-34,
          -3.4238754566884194e-33,
          0.0,
          -1.7119377283442097e-33
        ],
        [
          -1.3695501826753678e-32,
          6.847750913376839e-33,
          -3.4238754566884194e-33,
          1.3695501826753678e-32,
          0.0,
          6.847750913376839e-33
        ],
        [
          0.0,
          0.0,
          0.0,
          0.0,
          0.0,
          0.0
        ],
        [
          -6.847750913376839e-33,
          3.4238754566884194e-33,
          -1.7119377283442097e-33,
          6.847750913376839e-33,
          0.0,
          3.4238754566884194e-33
        ]
      ],
      "samples": [
        [
          0.6,
          -0.4,
          0.2,
          -0.8,
          0.5,
          -0.3
        ],
        [
          0.6,
          -0.4,
          0.2,
          -0.8,
          0.5,
          -0.3
        ],
        [
          0.6,
          -0.4,
          0.2,
          -0.8,
          0.5,
          -0.3
        ],
        [
          0.6,
          -0.4,
          0.2,
          -0.8,
          0.5,
          -0.3
        ],
        [
          0.6,
          -0.4,
          0.2,
          -0.8,
          0.5,
          -0.3
        ],
        [
          0.6,
          -0.4,
          0.2,
          -0.8,
          0.5,
          -0.3
        ],
        [
          0.6,
          -0.4,
          0.2,
          -0.8,
          0.5,
          -0.3
        ],
        [
          0.6,
          -0.4,
          0.2,
          -0.8,
          0.5,
          -0.3
        ],
        [
          0.6,
          -0.4,
          0.2,
          -0.8,
          0.5,
          -0.3
        ],
        [
          0.6,
          -0.4,
          0.2,
          -0.8,
          0.5,
          -0.3
        ]
      ],
      "all_identical": true
    },
    "verbs::prygat (Russian, to jump)": {
      "condition": "verbs",
      "seed": "prygat (Russian, to jump)",
      "n_success": 10,
      "n_failures": 0,
      "mean": [
        0.7999999999999999,
        -0.5999999999999999,
        0.2700000000000001,
        -0.8600000000000001,
        0.52,
        -0.39999999999999997
      ],
      "std": [
        1.1102230246251565e-16,
        1.1102230246251565e-16,
        0.21,
        0.12,
        0.05999999999999996,
        5.551115123125783e-17
      ],
      "covariance": [
        [
          1.3695501826753678e-32,
          -1.3695501826753678e-32,
          -8.217301096052206e-33,
          9.586851278727573e-33,
          -2.7391003653507353e-33,
          -6.847750913376839e-33
        ],
        [
          -1.3695501826753678e-32,
          1.3695501826753678e-32,
          8.217301096052206e-33,
          -9.586851278727573e-33,
          2.7391003653507353e-33,
          6.847750913376839e-33
        ],
        [
          -8.217301096052206e-33,
          8.217301096052206e-33,
          0.048999999999999995,
          0.027999999999999997,
          0.013999999999999993,
          4.108650548026103e-33
        ],
        [
          9.586851278727573e-33,
          -9.586851278727573e-33,
          0.027999999999999997,
          0.015999999999999997,
          0.007999999999999995,
          -4.7934256393637864e-33
        ],
        [
          -2.7391003653507353e-33,
          2.7391003653507353e-33,
          0.013999999999999993,
          0.007999999999999995,
          0.003999999999999995,
          1.3695501826753676e-33
        ],
        [
          -6.847750913376839e-33,
          6.847750913376839e-33,
          4.108650548026103e-33,
          -4.7934256393637864e-33,
          1.3695501826753676e-33,
          3.4238754566884194e-33
        ]
      ],
      "samples": [
        [
          0.8,
          -0.6,
          0.9,
          -0.5,
          0.7,
          -0.4
        ],
        [
          0.8,
          -0.6,
          0.2,
          -0.9,
          0.5,
          -0.4
        ],
        [
          0.8,
          -0.6,
          0.2,
          -0.9,
          0.5,
          -0.4
        ],
        [
          0.8,
          -0.6,
          0.2,
          -0.9,
          0.5,
          -0.4
        ],
        [
          0.8,
          -0.6,
          0.2,
          -0.9,
          0.5,
          -0.4
        ],
        [
          0.8,
          -0.6,
          0.2,
          -0.9,
          0.5,
          -0.4
        ],
        [
          0.8,
          -0.6,
          0.2,
          -0.9,
          0.5,
          -0.4
        ],
        [
          0.8,
          -0.6,
          0.2,
          -0.9,
          0.5,
          -0.4
        ],
        [
          0.8,
          -0.6,
          0.2,
          -0.9,
          0.5,
          -0.4
        ],
        [
          0.8,
          -0.6,
          0.2,
          -0.9,
          0.5,
          -0.4
        ]
      ],
      "all_identical": false
    },
    "verbs::schwanken (German, to sway or waver)": {
      "condition": "verbs",
      "seed": "schwanken (German, to sway or waver)",
      "n_success": 10,
      "n_failures": 0,
      "mean": [
        0.5999999999999999,
        -0.39999999999999997,
        -0.19999999999999998,
        0.7999999999999999,
        0.29999999999999993,
        -0.5
      ],
      "std": [
        1.1102230246251565e-16,
        5.551115123125783e-17,
        2.7755575615628914e-17,
        1.1102230246251565e-16,
        5.551115123125783e-17,
        0.0
      ],
      "covariance": [
        [
          1.3695501826753678e-32,
          -6.847750913376839e-33,
          -3.4238754566884194e-33,
          1.3695501826753678e-32,
          6.847750913376839e-33,
          0.0
        ],
        [
          -6.847750913376839e-33,
          3.4238754566884194e-33,
          1.7119377283442097e-33,
          -6.847750913376839e-33,
          -3.4238754566884194e-33,
          0.0
        ],
        [
          -3.4238754566884194e-33,
          1.7119377283442097e-33,
          8.559688641721049e-34,
          -3.4238754566884194e-33,
          -1.7119377283442097e-33,
          0.0
        ],
        [
          1.3695501826753678e-32,
          -6.847750913376839e-33,
          -3.4238754566884194e-33,
          1.3695501826753678e-32,
          6.847750913376839e-33,
          0.0
        ],
        [
          6.847750913376839e-33,
          -3.4238754566884194e-33,
          -1.7119377283442097e-33,
          6.847750913376839e-33,
          3.4238754566884194e-33,
          0.0
        ],
        [
          0.0,
          0.0,
          0.0,
          0.0,
          0.0,
          0.0
        ]
      ],
      "samples": [
        [
          0.6,
          -0.4,
          -0.2,
          0.8,
          0.3,
          -0.5
        ],
        [
          0.6,
          -0.4,
          -0.2,
          0.8,
          0.3,
          -0.5
        ],
        [
          0.6,
          -0.4,
          -0.2,
          0.8,
          0.3,
          -0.5
        ],
        [
          0.6,
          -0.4,
          -0.2,
          0.8,
          0.3,
          -0.5
        ],
        [
          0.6,
          -0.4,
          -0.2,
          0.8,
          0.3,
          -0.5
        ],
        [
          0.6,
          -0.4,
          -0.2,
          0.8,
          0.3,
          -0.5
        ],
        [
          0.6,
          -0.4,
          -0.2,
          0.8,
          0.3,
          -0.5
        ],
        [
          0.6,
          -0.4,
          -0.2,
          0.8,
          0.3,
          -0.5
        ],
        [
          0.6,
          -0.4,
          -0.2,
          0.8,
          0.3,
          -0.5
        ],
        [
          0.6,
          -0.4,
          -0.2,
          0.8,
          0.3,
          -0.5
        ]
      ],
      "all_identical": true
    },
    "theorems::Noether's Theorem": {
      "condition": "theorems",
      "seed": "Noether's Theorem",
      "n_success": 10,
      "n_failures": 0,
      "mean": [
        0.5999999999999999,
        -0.5999999999999999,
        0.5999999999999999,
        -0.5999999999999999,
        0.5999999999999999,
        -0.5999999999999999
      ],
      "std": [
        1.1102230246251565e-16,
        1.1102230246251565e-16,
        1.1102230246251565e-16,
        1.1102230246251565e-16,
        1.1102230246251565e-16,
        1.1102230246251565e-16
      ],
      "covariance": [
        [
          1.3695501826753678e-32,
          -1.3695501826753678e-32,
          1.3695501826753678e-32,
          -1.3695501826753678e-32,
          1.3695501826753678e-32,
          -1.3695501826753678e-32
        ],
        [
          -1.3695501826753678e-32,
          1.3695501826753678e-32,
          -1.3695501826753678e-32,
          1.3695501826753678e-32,
          -1.3695501826753678e-32,
          1.3695501826753678e-32
        ],
        [
          1.3695501826753678e-32,
          -1.3695501826753678e-32,
          1.3695501826753678e-32,
          -1.3695501826753678e-32,
          1.3695501826753678e-32,
          -1.3695501826753678e-32
        ],
        [
          -1.3695501826753678e-32,
          1.3695501826753678e-32,
          -1.3695501826753678e-32,
          1.3695501826753678e-32,
          -1.3695501826753678e-32,
          1.3695501826753678e-32
        ],
        [
          1.3695501826753678e-32,
          -1.3695501826753678e-32,
          1.3695501826753678e-32,
          -1.3695501826753678e-32,
          1.3695501826753678e-32,
          -1.3695501826753678e-32
        ],
        [
          -1.3695501826753678e-32,
          1.3695501826753678e-32,
          -1.3695501826753678e-32,
          1.3695501826753678e-32,
          -1.3695501826753678e-32,
          1.3695501826753678e-32
        ]
      ],
      "samples": [
        [
          0.6,
          -0.6,
          0.6,
          -0.6,
          0.6,
          -0.6
        ],
        [
          0.6,
          -0.6,
          0.6,
          -0.6,
          0.6,
          -0.6
        ],
        [
          0.6,
          -0.6,
          0.6,
          -0.6,
          0.6,
          -0.6
        ],
        [
          0.6,
          -0.6,
          0.6,
          -0.6,
          0.6,
          -0.6
        ],
        [
          0.6,
          -0.6,
          0.6,
          -0.6,
          0.6,
          -0.6
        ],
        [
          0.6,
          -0.6,
          0.6,
          -0.6,
          0.6,
          -0.6
        ],
        [
          0.6,
          -0.6,
          0.6,
          -0.6,
          0.6,
          -0.6
        ],
        [
          0.6,
          -0.6,
          0.6,
          -0.6,
          0.6,
          -0.6
        ],
        [
          0.6,
          -0.6,
          0.6,
          -0.6,
          0.6,
          -0.6
        ],
        [
          0.6,
          -0.6,
          0.6,
          -0.6,
          0.6,
          -0.6
        ]
      ],
      "all_identical": true
    },
    "theorems::KAM Theorem": {
      "condition": "theorems",
      "seed": "KAM Theorem",
      "n_success": 10,
      "n_failures": 0,
      "mean": [
        0.5999999999999999,
        -0.39999999999999997,
        -0.19999999999999998,
        0.7999999999999999,
        0.29999999999999993,
        -0.5
      ],
      "std": [
        1.1102230246251565e-16,
        5.551115123125783e-17,
        2.7755575615628914e-17,
        1.1102230246251565e-16,
        5.551115123125783e-17,
        0.0
      ],
      "covariance": [
        [
          1.3695501826753678e-32,
          -6.847750913376839e-33,
          -3.4238754566884194e-33,
          1.3695501826753678e-32,
          6.847750913376839e-33,
          0.0
